Initial conditions 410000.000000 200000.000000 200000.000000 
time start sec 1766193292 micro 269126
time start sec 1766193292 micro 269126
time start sec 1766193292 micro 269126
time start sec 1766193292 micro 269126
0 0 has taken a fork
0 0 is eating
1766193292 274387
1766193292 274400
1766193292 279589
1766193292 279602
1766193292 284697
1766193292 284710
1766193292 289801
1766193292 289821
1766193292 294920
1766193292 294934
1766193292 300126
1766193292 300138
1766193292 305345
1766193292 305358
1766193292 310569
1766193292 310581
1766193292 315685
1766193292 315709
1766193292 320788
1766193292 320801
1766193292 325915
1766193292 325965
1766193292 331064
1766193292 331082
1766193292 336176
1766193292 336193
1766193292 341440
1766193292 341457
1766193292 346556
1766193292 346570
1766193292 351684
1766193292 351698
1766193292 356799
1766193292 356811
1766193292 361998
1766193292 362019
1766193292 367285
1766193292 367320
1766193292 372505
1766193292 372522
1766193292 377737
1766193292 377757
1766193292 382850
1766193292 382866
1766193292 387986
1766193292 388006
1766193292 393250
1766193292 393269
1766193292 398364
1766193292 398383
1766193292 403566
1766193292 403587
1766193292 408807
1766193292 408828
1766193292 413973
1766193292 413995
1766193292 419236
1766193292 419256
1766193292 424494
1766193292 424515
1766193292 429753
1766193292 429774
1766193292 434976
1766193292 434997
1766193292 440237
1766193292 440258
1766193292 445495
1766193292 445515
1766193292 450744
1766193292 450765
1766193292 456001
1766193292 456021
1766193292 461245
1766193292 461266
1766193292 466489
1766193292 466509
1766193292 471737
1766193292 471758
205 0 is sleeping
205 3 has taken a fork
205 3 is eating
205 1 has taken a fork
205 1 is eating
1766193292 476991
1766193292 477012
1766193292 482225
1766193292 482261
1766193292 487483
1766193292 487503
1766193292 492733
1766193292 492752
1766193292 497990
1766193292 498010
1766193292 503246
1766193292 503266
1766193292 508479
1766193292 508498
1766193292 513733
1766193292 513753
1766193292 518997
1766193292 519018
1766193292 524236
1766193292 524257
1766193292 529496
1766193292 529516
1766193292 534748
1766193292 534768
1766193292 540011
1766193292 540032
1766193292 545268
1766193292 545289
1766193292 550525
1766193292 550545
1766193292 555778
1766193292 555799
1766193292 560996
1766193292 561018
1766193292 566247
1766193292 566267
1766193292 571497
1766193292 571518
1766193292 576752
1766193292 576773
1766193292 582002
1766193292 582022
1766193292 587237
1766193292 587258
1766193292 592494
1766193292 592514
1766193292 597645
1766193292 597665
1766193292 602904
1766193292 602924
1766193292 608152
1766193292 608172
1766193292 613405
1766193292 613425
1766193292 618667
1766193292 618688
1766193292 623902
1766193292 623922
1766193292 629160
1766193292 629180
1766193292 634417
1766193292 634438
1766193292 639666
1766193292 639686
1766193292 644926
1766193292 644946
1766193292 650160
1766193292 650181
1766193292 655280
1766193292 655301
1766193292 660525
1766193292 660545
1766193292 665781
1766193292 665802
1766193292 670930
1766193292 670950
1766193292 676189
1766193292 676209
410 3 is sleeping
410 0 is thinking
410 0 has taken a fork
410 0 is eating
410 1 is sleeping
410 2 has taken a fork
410 2 is eating
1766193292 681415
1766193292 681435
1766193292 686718
1766193292 686739
1766193292 691864
1766193292 691884
1766193292 697094
1766193292 697115
1766193292 702352
1766193292 702373
1766193292 707670
1766193292 707696
1766193292 712788
1766193292 712807
1766193292 718043
1766193292 718064
1766193292 723297
1766193292 723318
1766193292 728557
1766193292 728577
1766193292 733801
1766193292 733821
1766193292 739056
1766193292 739077
1766193292 744317
1766193292 744339
1766193292 749535
1766193292 749555
1766193292 754801
1766193292 754822
1766193292 759920
1766193292 759941
1766193292 765176
1766193292 765196
1766193292 770278
1766193292 770298
1766193292 775526
1766193292 775546
1766193292 780778
1766193292 780799
1766193292 786037
1766193292 786057
1766193292 791290
1766193292 791311
1766193292 796543
1766193292 796736
1766193292 801940
1766193292 801961
1766193292 807200
1766193292 807220
1766193292 812434
1766193292 812455
1766193292 817690
1766193292 817711
1766193292 822944
1766193292 822965
1766193292 828173
1766193292 828193
1766193292 833423
1766193292 833444
1766193292 838676
1766193292 838696
1766193292 843930
1766193292 843950
1766193292 849070
1766193292 849091
1766193292 854322
1766193292 854343
1766193292 859581
1766193292 859602
1766193292 864885
1766193292 864906
1766193292 870169
1766193292 870189
1766193292 875393
1766193292 875414
1766193292 880688
1766193292 880710
615 3 is thinking
615 1 is thinking
615 1 has taken a fork
615 1 is eating
615 0 is sleeping
615 2 is sleeping
615 3 has taken a fork
615 3 is eating
1766193292 885841
1766193292 885862
1766193292 891011
1766193292 891031
1766193292 896267
1766193292 896287
1766193292 901486
1766193292 901508
1766193292 906738
1766193292 906759
1766193292 911990
1766193292 912011
1766193292 917252
1766193292 917272
1766193292 922493
1766193292 922515
1766193292 927744
1766193292 927765
1766193292 933003
1766193292 933023
1766193292 938254
1766193292 938275
1766193292 943485
1766193292 943506
1766193292 948727
1766193292 948748
1766193292 953967
1766193292 953987
1766193292 959198
1766193292 959219
1766193292 964436
1766193292 964457
1766193292 969689
1766193292 969710
1766193292 974913
1766193292 974935
1766193292 980141
1766193292 980161
1766193292 985344
1766193292 985365
1766193292 990576
1766193292 990597
1766193292 995788
1766193292 995808
1766193293 917
1766193293 937
1766193293 6128
1766193293 6148
1766193293 11385
1766193293 11405
1766193293 16659
1766193293 16679
1766193293 21835
1766193293 21855
1766193293 27089
1766193293 27110
1766193293 32347
1766193293 32368
1766193293 37588
1766193293 37655
1766193293 42889
1766193293 42909
1766193293 48147
1766193293 48168
1766193293 53412
1766193293 53433
1766193293 58668
1766193293 58688
1766193293 63927
1766193293 63947
1766193293 69186
1766193293 69207
1766193293 74412
1766193293 74433
1766193293 79675
1766193293 79695
1766193293 84933
1766193293 84954
820 1 is sleeping
820 2 is thinking
820 2 has taken a fork
820 0 is thinking
820 3 is sleeping
820 2 is eating
820 0 has taken a fork
1766193293 90036
820 0 is eating
1766193293 90047
1766193293 95282
1766193293 95303
1766193293 100539
1766193293 100559
1766193293 105795
1766193293 105820
1766193293 111062
1766193293 111083
1766193293 116314
1766193293 116335
1766193293 121564
1766193293 121584
1766193293 126825
1766193293 126846
1766193293 132056
1766193293 132076
1766193293 137296
1766193293 137317
1766193293 142554
1766193293 142574
1766193293 147798
1766193293 147819
1766193293 153037
1766193293 153058
1766193293 158290
1766193293 158311
1766193293 163528
1766193293 163548
1766193293 168788
1766193293 168809
1766193293 174040
1766193293 174060
1766193293 179264
1766193293 179284
1766193293 184487
1766193293 184508
1766193293 189743
1766193293 189764
1766193293 195002
1766193293 195022
1766193293 200258
1766193293 200278
1766193293 205484
1766193293 205504
1766193293 210744
1766193293 210764
1766193293 215998
1766193293 216018
1766193293 221242
1766193293 221264
1766193293 226499
1766193293 226520
1766193293 231750
1766193293 231771
1766193293 236986
1766193293 237006
1766193293 242245
1766193293 242265
1766193293 247494
1766193293 247515
1766193293 252735
1766193293 252773
1766193293 257914
1766193293 257935
1766193293 263127
1766193293 263148
1766193293 268365
1766193293 268385
1766193293 273500
1766193293 273521
1766193293 278676
1766193293 278697
1766193293 283835
1766193293 283856
1766193293 288993
1766193293 289014
1766193293 294207
1766193293 294227
1025 3 is thinking
1025 2 is sleeping
1025 1 is thinking
1025 0 is sleeping
1025 1 has taken a fork
1025 1 is eating
1025 3 has taken a fork
1025 3 is eating
1766193293 299433
1766193293 299453
1766193293 304656
1766193293 304678
1766193293 309941
1766193293 309963
1766193293 315075
1766193293 315095
1766193293 320180
1766193293 320198
1766193293 325366
1766193293 325383
1766193293 330677
1766193293 330696
1766193293 335876
1766193293 335893
1766193293 341003
1766193293 341022
1766193293 346328
1766193293 346348
1766193293 351578
1766193293 351594
1766193293 356788
1766193293 356804
1766193293 361918
1766193293 361935
1766193293 367202
1766193293 367218
1766193293 372451
1766193293 372471
1766193293 377733
1766193293 377753
1766193293 382956
1766193293 382977
1766193293 388206
1766193293 388227
1766193293 393437
1766193293 393457
1766193293 398698
1766193293 398718
1766193293 403942
1766193293 403962
1766193293 409098
1766193293 409118
1766193293 414337
1766193293 414358
1766193293 419518
1766193293 419538
1766193293 424775
1766193293 424795
1766193293 430035
1766193293 430057
1766193293 435268
1766193293 435288
1766193293 440523
1766193293 440544
1766193293 445783
1766193293 445803
1766193293 450910
1766193293 450930
1766193293 456160
1766193293 456180
1766193293 461414
1766193293 461435
1766193293 466673
1766193293 466694
1766193293 471926
1766193293 471947
1766193293 477179
1766193293 477199
1766193293 482437
1766193293 482457
1766193293 487686
1766193293 487706
1766193293 492836
1766193293 492857
1766193293 498098
1766193293 498118
1230 2 is thinking
1230 0 is thinking
1230 2 has taken a fork
1230 2 is eating
1230 1 is sleeping
1230 0 has taken a fork
1230 0 is eating
1230 3 is sleeping
1766193293 503416
1766193293 503436
1766193293 508698
1766193293 508719
1766193293 513961
1766193293 513982
1766193293 519233
1766193293 519253
1766193293 524515
1766193293 524536
1766193293 529768
1766193293 529789
1766193293 535020
1766193293 535041
1766193293 540275
1766193293 540295
1766193293 545535
1766193293 545556
1766193293 550788
1766193293 550809
1766193293 556041
1766193293 556061
1766193293 561299
1766193293 561320
1766193293 566538
1766193293 566559
1766193293 571789
1766193293 571810
1766193293 577044
1766193293 577066
1766193293 582162
1766193293 582181
1766193293 587393
1766193293 587414
1766193293 592651
1766193293 592672
1766193293 597854
1766193293 597875
1766193293 603107
1766193293 603128
1766193293 608357
1766193293 608377
1766193293 613641
1766193293 613661
1766193293 618898
1766193293 618919
1766193293 624128
1766193293 624148
1766193293 629354
1766193293 629374
1766193293 634591
1766193293 634642
1766193293 639726
1766193293 639744
1766193293 644978
1766193293 644998
1766193293 650233
1766193293 650253
1766193293 655483
1766193293 655503
1766193293 660746
1766193293 660766
1766193293 665996
1766193293 666018
1766193293 671239
1766193293 671260
1766193293 676498
1766193293 676519
1766193293 681764
1766193293 681784
1766193293 686998
1766193293 687019
1766193293 692256
1766193293 692276
1766193293 697483
1766193293 697503
1766193293 702745
1766193293 702767
1436 2 is sleeping
1436 0 is sleeping
1436 1 is thinking
1436 1 has taken a fork
1436 3 is thinking
1436 1 is eating
1436 3 has taken a fork
1436 3 is eating
1766193293 708002
1766193293 708023
1766193293 713282
1766193293 713304
1766193293 718538
1766193293 718559
1766193293 723795
1766193293 723815
1766193293 729049
1766193293 729070
1766193293 734273
1766193293 734293
1766193293 739524
1766193293 739545
1766193293 744776
1766193293 744797
1766193293 750036
1766193293 750057
1766193293 755267
1766193293 755287
1766193293 760521
1766193293 760541
1766193293 765763
1766193293 765785
1766193293 770929
1766193293 770949
1766193293 776188
1766193293 776209
1766193293 781440
1766193293 781461
1766193293 786702
1766193293 786723
1766193293 791956
1766193293 791977
1766193293 797209
1766193293 797230
1766193293 802439
1766193293 802460
1766193293 807692
1766193293 807713
1766193293 812861
1766193293 812883
1766193293 818115
1766193293 818135
1766193293 823355
1766193293 823376
1766193293 828585
1766193293 828606
1766193293 833881
1766193293 833901
1766193293 839110
1766193293 839130
1766193293 844368
1766193293 844389
1766193293 849674
1766193293 849696
1766193293 854802
1766193293 854822
1766193293 860055
1766193293 860076
1766193293 865312
1766193293 865333
1766193293 870544
1766193293 870564
1766193293 875804
1766193293 875824
1766193293 881063
1766193293 881083
1766193293 886421
1766193293 886441
1766193293 891680
1766193293 891700
1766193293 896935
1766193293 896956
1766193293 902061
1766193293 902081
1766193293 907314
1766193293 907334
1641 3 is sleeping
1641 0 is thinking
1641 0 has taken a fork
1641 0 is eating
1641 1 is sleeping
1641 2 is thinking
1641 2 has taken a fork
1641 2 is eating
1766193293 912565
1766193293 912586
1766193293 917817
1766193293 917838
1766193293 923042
1766193293 923063
1766193293 928280
1766193293 928301
1766193293 933538
1766193293 933559
1766193293 938789
1766193293 938810
1766193293 944013
1766193293 944033
1766193293 949273
1766193293 949294
1766193293 954525
1766193293 954546
1766193293 959762
1766193293 959784
1766193293 964996
1766193293 965017
1766193293 970218
1766193293 970238
1766193293 975467
1766193293 975487
1766193293 980722
1766193293 980743
1766193293 985975
1766193293 985996
1766193293 991235
1766193293 991256
1766193293 996495
1766193293 996517
1766193294 1756
1766193294 1777
1766193294 7012
1766193294 7032
1766193294 12271
1766193294 12292
1766193294 17502
1766193294 17522
1766193294 22754
1766193294 22774
1766193294 27994
1766193294 28014
1766193294 33277
1766193294 33298
1766193294 38520
1766193294 38541
1766193294 43771
1766193294 43792
1766193294 49030
1766193294 49050
1766193294 54277
1766193294 54298
1766193294 59530
1766193294 59551
1766193294 64789
1766193294 64810
1766193294 70051
1766193294 70072
1766193294 75282
1766193294 75303
1766193294 80545
1766193294 80565
1766193294 85802
1766193294 85823
1766193294 90931
1766193294 90951
1766193294 96188
1766193294 96209
1766193294 101443
1766193294 101464
1766193294 106701
1766193294 106721
1766193294 111961
1766193294 111982
1846 0 is sleeping
1846 3 is thinking
1846 1 is thinking
1846 2 is sleeping
1846 1 has taken a fork
1846 1 is eating
1846 3 has taken a fork
1846 3 is eating
1766193294 117212
1766193294 117233
1766193294 122451
1766193294 122471
1766193294 127711
1766193294 127731
1766193294 132890
1766193294 132910
1766193294 138138
1766193294 138159
1766193294 143394
1766193294 143414
1766193294 148529
1766193294 148548
1766193294 153768
1766193294 153788
1766193294 159023
1766193294 159044
1766193294 164285
1766193294 164306
1766193294 169546
1766193294 169567
1766193294 174793
1766193294 174813
1766193294 180052
1766193294 180072
1766193294 185311
1766193294 185332
1766193294 190544
1766193294 190564
1766193294 195805
1766193294 195825
1766193294 201062
1766193294 201084
1766193294 206290
1766193294 206310
1766193294 211548
1766193294 211570
1766193294 216807
1766193294 216828
1766193294 222042
1766193294 222063
1766193294 227299
1766193294 227320
1766193294 232553
1766193294 232574
1766193294 237800
1766193294 237821
1766193294 243061
1766193294 243082
1766193294 248293
1766193294 248313
1766193294 253523
1766193294 253543
1766193294 258782
1766193294 258803
1766193294 263926
1766193294 263947
1766193294 269182
1766193294 269203
1766193294 274436
1766193294 274458
1766193294 279695
1766193294 279745
1766193294 284986
1766193294 285006
1766193294 290239
1766193294 290260
1766193294 295498
1766193294 295518
1766193294 300757
1766193294 300778
1766193294 306009
1766193294 306030
1766193294 311269
1766193294 311290
1766193294 316525
1766193294 316546
2051 3 is sleeping
2051 0 is thinking
2051 1 is sleeping
2051 2 is thinking
2051 2 has taken a fork
2051 2 is eating
1766193294 321788
1766193294 321812
1766193294 326922
1766193294 326942
1766193294 332174
1766193294 332195
1766193294 337425
1766193294 337445
1766193294 342712
1766193294 342733
1766193294 347841
1766193294 347861
1766193294 353046
1766193294 353067
1766193294 358273
1766193294 358295
1766193294 363450
1766193294 363472
1766193294 368711
1766193294 368733
1766193294 373866
1766193294 373887
1766193294 379005
1766193294 379025
1766193294 384249
1766193294 384270
1766193294 389503
1766193294 389524
1766193294 394697
1766193294 394717
1766193294 399953
1766193294 399974
1766193294 405207
1766193294 405227
1766193294 410467
1766193294 410487
1766193294 415726
1766193294 415747
1766193294 420973
1766193294 420993
1766193294 426337
1766193294 426358
1766193294 431567
1766193294 431587
1766193294 436779
1766193294 436800
1766193294 442038
1766193294 442059
1766193294 447296
1766193294 447318
1766193294 452405
1766193294 452425
1766193294 457596
1766193294 457649
1766193294 462882
1766193294 462902
1766193294 468163
1766193294 468184
1766193294 473418
1766193294 473442
1766193294 478671
1766193294 478691
1766193294 483929
1766193294 483950
1766193294 489180
1766193294 489201
1766193294 494420
1766193294 494441
1766193294 499675
1766193294 499696
1766193294 504811
1766193294 504828
1766193294 509936
1766193294 509953
1766193294 515125
1766193294 515143
1766193294 520307
1766193294 520324
2256 1 is thinking
1766193294 525561
2256 2 is sleeping
2256 0 died
2256 3 is thinking
